0.125107 0.183787
0.102724 0.093916
0.196641 0.173942
0.085529 0.086479
0.074278 0.139693
0.293628 0.259768
0.063131 0.136337
0.284824 0.154847
0.095716 0.199067
0.144386 0.249580
0.101810 0.189617
0.106215 0.200128
0.155561 0.240758
0.141466 0.221881
0.153938 0.213315
0.247931 0.277669
0.139201 0.209113
0.200103 0.245258
0.399972 0.347845
0.117220 0.201510
0.208677 0.271196
0.121288 0.208857
0.122239 0.214270
0.151676 0.237573
0.146857 0.237948
0.128609 0.252133
0.142379 0.261847
0.140455 0.261718
0.100351 0.168044
0.124443 0.221271
0.122127 0.221388
0.119660 0.244797
0.129383 0.254132
0.149265 0.288803
0.077292 0.228205
0.076097 0.229105
0.094198 0.244742
0.086328 0.250661
0.125903 0.281924
0.050645 0.125631
0.054583 0.160130
0.124572 0.201325
0.074494 0.182922
0.081733 0.168923
0.145685 0.225701
0.074892 0.169995
0.122714 0.189622
0.396074 0.278666
0.054197 0.165662
0.128475 0.208460
0.086711 0.181063
0.091471 0.206579
0.150157 0.238319
0.122502 0.236674
0.138762 0.225258
0.243710 0.285109
0.124223 0.224045
0.190587 0.246633
0.409225 0.339821
0.097792 0.215131
0.199454 0.272507
0.056884 0.153239
0.131069 0.198065
0.080901 0.183174
0.093214 0.174135
0.174980 0.229344
0.080095 0.165558
0.136126 0.190429
0.419864 0.299841
0.058306 0.162782
0.140509 0.209617
0.025204 0.105673
0.023838 0.083776
0.025315 0.076548
0.063382 0.107976
0.035979 0.053985
0.029187 0.122777
0.028782 0.069103
0.030556 0.073352
0.058753 0.145593
0.058168 0.127192
0.128411 0.155598
0.064649 0.127573
0.101051 0.179976
0.045914 0.103439
0.074799 0.140241
0.058851 0.117646
0.124314 0.158012
0.062168 0.117299
0.087197 0.143737
0.046152 0.111063
0.072402 0.131314
0.112096 0.144245
0.059210 0.108057
0.090708 0.164799
0.043574 0.077332
0.069682 0.116977
0.087410 0.138171
0.149570 0.208865
0.077561 0.117151
0.116277 0.155827
0.067115 0.155942
0.052289 0.094057
0.059847 0.096136
0.058667 0.148084
0.100138 0.165461
0.052777 0.106194
0.072005 0.138807
0.048191 0.138981
0.135807 0.290259
0.071639 0.140840
0.047727 0.141465
0.133284 0.291161
0.126453 0.173507
0.082378 0.183712
0.099559 0.180444
0.171535 0.223248
0.084041 0.174711
0.150825 0.199680
0.433271 0.294634
0.057973 0.168250
0.155059 0.215325
0.144964 0.234307
0.148213 0.223388
0.193428 0.268004
0.142330 0.205749
0.179977 0.257672
0.326954 0.320694
0.149991 0.216481
0.182393 0.251800
0.073676 0.146182
0.131312 0.308826
0.136136 0.307284
0.122407 0.156224
0.215347 0.232816
0.107417 0.149400
0.177408 0.202822
0.374151 0.293144
0.090029 0.185527
0.181639 0.212531
0.210802 0.222433
0.111806 0.122350
0.184644 0.192515
0.386998 0.318037
0.104622 0.177603
0.187315 0.206693
0.180942 0.216598
0.301019 0.301188
0.418292 0.418627
0.190080 0.228409
0.314756 0.324727
0.164117 0.183754
0.387418 0.298424
0.088572 0.168592
0.168122 0.213922
0.390868 0.365175
0.164967 0.196895
0.234577 0.240995
0.462231 0.317148
0.400633 0.385745
0.161546 0.210637
0.179677 0.203210
0.377756 0.264293
0.351237 0.323638
0.263042 0.207546
0.072752 0.082306
0.110569 0.166639
0.104937 0.119851
0.278012 0.167601
0.084238 0.149226
0.196741 0.173947
0.287549 0.249480
0.106498 0.104915
